121 1
0 1
1 11
11 111
111 1111
1111 11111
1111 11112
1111 11113
111 1112
1112 11121
1112 11122
1112 11123
111 1113
1113 11131
1113 11132
1113 11133
11 112
112 1121
1121 11211
1121 11212
1121 11213
112 1122
1122 11221
1122 11222
1122 11223
112 1123
1123 11231
1123 11232
1123 11233
11 113
113 1131
1131 11311
1131 11312
1131 11313
113 1132
1132 11321
1132 11322
1132 11323
113 1133
1133 11331
1133 11332
1133 11333
1 12
12 121
121 1211
1211 12111
1211 12112
1211 12113
121 1212
1212 12121
1212 12122
1212 12123
121 1213
1213 12131
1213 12132
1213 12133
12 122
122 1221
1221 12211
1221 12212
1221 12213
122 1222
1222 12221
1222 12222
1222 12223
122 1223
1223 12231
1223 12232
1223 12233
12 123
123 1231
1231 12311
1231 12312
1231 12313
123 1232
1232 12321
1232 12322
1232 12323
123 1233
1233 12331
1233 12332
1233 12333
1 13
13 131
131 1311
1311 13111
1311 13112
1311 13113
131 1312
1312 13121
1312 13122
1312 13123
131 1313
1313 13131
1313 13132
1313 13133
13 132
132 1321
1321 13211
1321 13212
1321 13213
132 1322
1322 13221
1322 13222
1322 13223
132 1323
1323 13231
1323 13232
1323 13233
13 133
133 1331
1331 13311
1331 13312
1331 13313
133 1332
1332 13321
1332 13322
1332 13323
133 1333
1333 13331
1333 13332
1333 13333
12 12212